ih weights [[ 0.44244227  0.07681803  0.10635981 ...  0.01906161 -0.46917227
  -0.15237467]
 [ 0.24931904 -0.00960127 -0.08737305 ... -0.45754731 -0.0285354
   0.21797409]
 [-0.03927912  0.46010563 -0.03541928 ...  0.26147784 -0.49927567
  -0.36444897]
 ...
 [-0.24941694  0.31863546  0.10368695 ...  0.11296431  0.19736551
   0.40873621]
 [ 0.35913209 -0.40367963  0.33666924 ...  0.0916628  -0.30290754
  -0.15802011]
 [-0.42230042  0.36881358 -0.31572584 ...  0.23621698 -0.05031424
   0.49185067]]
ih bias [[-0.2394643 ]
 [-0.40563461]
 [-0.1536943 ]
 [ 0.23891587]
 [ 0.53023279]
 [ 0.47649639]
 [-0.14847569]
 [ 0.13874869]
 [ 0.23772454]
 [ 0.25981846]]
ho weights [[ 2.13306231e+00  2.48227599e-01 -3.93928327e-02 -1.45939802e+00
   7.26989227e-02  3.59730032e-01 -1.14898703e-01 -3.31116646e-01
  -1.00505976e-01 -4.41903417e-01]
 [-5.62110319e+01 -2.27171311e+00  1.66051807e+00 -7.15986621e-01
   7.36377812e+01 -5.72513673e+00  2.45046830e+00 -5.16206495e+00
   1.14275720e+00 -8.23333065e+00]
 [-1.28418057e+01 -4.14650606e+00 -1.30294194e+00 -1.12334668e+00
   1.37961576e+01 -2.91673773e+00 -4.58034670e+00 -7.83580357e-01
   1.70666137e+01 -2.87061499e+00]
 [ 6.90542617e-01 -6.14384391e-01  5.64295545e-01 -5.86133562e-01
   2.74834211e-01  2.33581802e-01  4.44729716e-01 -2.83028781e-01
   3.61967885e-01 -1.20146242e+00]
 [-1.54909779e+00  2.32271055e-01  1.82314071e-01  3.40640477e-01
   2.04729661e+00 -8.17642574e-01 -5.11572358e-01 -2.09828360e-01
  -1.91990848e-01  4.41082074e-01]
 [-2.46685311e+01 -4.42265257e-01 -1.86532451e-01  3.04702734e+01
  -2.65920500e-01  1.41720665e+00 -8.85139825e+00  3.73911503e-02
   2.89153437e+00 -8.00797629e-01]
 [-6.76381236e+00 -3.35761729e+00  2.35982664e+00  7.17145073e+00
  -5.57512988e-01  4.83611210e-02 -7.77961744e-01  4.51449077e-01
   4.86477225e+00 -3.35233260e+00]
 [-8.39279914e+00 -5.99111919e-01  4.07683993e-01 -1.06938020e+00
   9.82382899e+00 -2.88279047e+00 -6.63863906e-01  2.35291794e+00
   2.38641656e+00 -1.07120232e+00]
 [-1.26531952e+00 -1.87740793e+00  1.79797260e+00  1.69045322e+00
   7.66135150e-01 -9.15146610e-01  1.07195068e+00 -3.16003786e-01
  -1.63734844e-01 -1.67426518e+00]
 [-3.19455185e+00 -2.11961933e-01  2.08511928e+00  5.42169254e-01
   1.01081125e+00 -7.35954014e-01  2.07550470e-01  1.14720208e+00
   4.21457186e-01 -1.48392274e+00]]
ho bias  [[ 0.3579205 ]
 [-0.44218453]
 [-0.1240306 ]
 [ 0.42683467]
 [-0.26180383]
 [ 0.21508205]
 [-0.1378541 ]
 [-0.276963  ]
 [-0.14299563]
 [-0.26149285]]

train 3000 times, 1000 images, score: 0.88, divide first 100
train 3000 times, 1000 images, score: 0.86, divide first 100 -> weights biases npz
